FIFO:
50.418
79.082
87.817
91.142
93.050
94.178
95.093
95.628
96.121
96.417
96.677
96.984
97.370
97.615
97.803
97.943
98.112
98.259
98.364
98.459
98.529
98.606
98.635
98.697
98.824
98.948
99.068
99.116
99.161
99.234
99.297
99.337
99.387
99.431
99.470
99.513
99.537
99.561
99.586
99.609
99.620
99.639
99.666
99.674
99.684
99.690
99.703
99.715
99.724
99.741
99.744
99.758
99.762
99.768
99.772
99.778
99.779
99.789
99.791
99.810
99.836
99.845
99.859
99.865
99.866
99.869
99.874
99.877
99.886
99.888
99.892
99.895
99.897
99.898
99.899
99.899
99.900
99.902
99.906
99.907
99.908
99.909
99.909
99.910
99.914
99.917
99.919
99.920
99.921
99.921
99.922
99.925
99.922
99.923
99.926
99.927
99.927
99.928
99.928
99.929
LRU:
50.418
84.815
89.890
92.744
94.249
95.409
96.107
96.568
96.930
97.208
97.411
97.589
97.910
98.102
98.223
98.399
98.523
98.659
98.753
98.821
98.872
98.918
98.975
99.031
99.076
99.121
99.173
99.260
99.417
99.542
99.587
99.622
99.643
99.667
99.688
99.707
99.728
99.743
99.757
99.768
99.776
99.787
99.793
99.803
99.812
99.820
99.825
99.830
99.834
99.838
99.842
99.847
99.853
99.857
99.861
99.862
99.866
99.869
99.872
99.878
99.884
99.899
99.914
99.917
99.921
99.923
99.924
99.925
99.925
99.926
99.927
99.928
99.929
99.930
99.931
99.932
99.933
99.933
99.934
99.934
99.935
99.936
99.936
99.936
99.937
99.938
99.938
99.939
99.940
99.940
99.941
99.942
99.942
99.943
99.943
99.943
99.944
99.944
99.944
99.945
RANDOM:
50.418
78.661
86.739
90.361
92.647
93.806
94.598
95.240
95.753
96.192
96.556
96.880
97.214
97.454
97.681
97.884
98.060
98.204
98.331
98.475
98.582
98.689
98.772
98.854
98.953
99.010
99.070
99.152
99.211
99.254
99.298
99.347
99.401
99.420
99.463
99.492
99.499
99.532
99.551
99.590
99.611
99.628
99.646
99.662
99.693
99.684
99.708
99.716
99.738
99.749
99.756
99.764
99.771
99.775
99.808
99.812
99.811
99.818
99.817
99.821
99.830
99.839
99.843
99.850
99.847
99.868
99.861
99.861
99.868
99.864
99.877
99.870
99.875
99.877
99.893
99.885
99.886
99.887
99.889
99.893
99.897
99.902
99.903
99.901
99.902
99.900
99.898
99.905
99.906
99.908
99.908
99.906
99.905
99.913
99.920
99.907
99.919
99.916
99.918
99.924
